image: lined2.pgm
resolution: 0.259000
origin: [4.000000, -12.00000, 0.000000] #+4 -4
negate: 0
occupied_thresh: 0.65
free_thresh: 0.196

