image: lined-22novrotated.pgm
resolution: 0.259000
origin: [0.000000, 0.000000, 0.000000]
negate: 0
occupied_thresh: 0.65
free_thresh: 0.196

