image: lined.pgm
#resolution: 0.2602700
resolution: 0.259000
origin: [0.000000, -18.00000, 0.0]
#origin: [0.000000, 0.000000, 0.0]
negate: 0
occupied_thresh: 0.65
free_thresh: 0.196
